cam_model: Pinhole
# cam_width: 612
# cam_height: 512

# # 平均值
# cam_fx: 625.0441867
# cam_fy: 625.8058200
# cam_cx: 302.6309133
# cam_cy: 246.7821367
# cam_d0: -0.114957667 
# cam_d1: 0.2112790000 
# cam_d2: -0.000874000 
# cam_d3: -0.001598667 

#  2k              20240710
# cam_width: 2448
# cam_height: 2048
# cam_fx: 2484.175292968
# cam_fy: 2484.525390625
# cam_cx: 1222.834838867
# cam_cy: 987.1929321289
# cam_d0: -0.0989829972386360 
# cam_d1: 0.16952024400234222
# cam_d2: -0.0005142500158399 
# cam_d3: -0.0002592499949969 

cam_width: 1224
cam_height: 1024
cam_fx: 1242.09
cam_fy: 1242.25
cam_cx: 611.4
cam_cy: 493.7
cam_d0: -0.0989829972386360 
cam_d1: 0.16952024400234222
cam_d2: -0.0005142500158399 
cam_d3: -0.0002592499949969 


camera:
    # direct_visual_lidar_calibrate
    # Rcl: [  0.0281593  ,  -0.9994550 , -0.0172315 ,
    #        -0.0122148  ,   0.016893  , -0.999783  ,
    #         0.999529  ,    0.0283637 , -0.0117324  ]
    # Pcl: [0.000279871 , -0.0165936, -0.0100494]

    # good low 512*612 
    # E_2
    # Rcl: [  0.0288810 ,  -0.9994270 , -0.0176385 ,
    #        -0.0117679 ,   0.0173046 , -0.9997810 ,
    #         0.9995140 ,   0.0290823 , -0.0112614 ]
    # Pcl: [-0.00429101 ,  -0.0194753 , -0.00845176]
    # Pcl: [0.00768827, -0.0490024, -0.0315331]
    
    #  7 pcd  2k  hall
    #  7 pcd  2k direct_visual_lidar_calibrate
    Rcl: [ 0.0161289 , -0.999732 , -0.0165971 , 
          -0.0444939 , 0.0158652 ,  -0.998884 ,
           0.998879 , 0.01684930 , -0.0442261 ]
    Pcl: [-0.0245253, -0.0630154 , -0.0904438]

    # Rcl: [ 0.0146143 ,  -0.999759 , -0.0163725 , 
    #       -0.0463963 ,  0.0156786 , -0.9988000 , 
    #        0.998816  , 0.0153564  , -0.046156 ]
    # Pcl: [-0.00307965, -0.0347373, -0.0882457]

    #  7 pcd  2k  hall
    #   livox_camera_calib
    # Rcl: [ 0.0158578,-0.999732,-0.0168384,
    #       -0.0411427,0.0161738,-0.999022,
    #        0.999027,0.0165351,-0.0408752]
    # Pcl: [-0.0182012,-0.109937,-0.0962709]
    # Pcl: [-0.0 ,  0.0 , 0.0]

# V1 horizonal + hk 
# cam_fx: 620.493585
# cam_fy: 621.346845
# cam_cx: 314.065225
# cam_cy: 256.851710
# cam_d0: -0.097161
# cam_d1: 0.148119
# cam_d2: -0.0017345
# cam_d3: 0.000604

# camera:
    # Rcl: [0.029368,-0.999436,-0.0163144,
    #       0.0190468,0.0168781,-0.999676,
    #       0.999387,0.0290478,0.0195317]
    # Pcl: [-0.160751,-0.161607,-0.10398]
    # Pcl: [-0.0,-0.00,-0.0]

    # Rcl: [0.0319164,-0.99944,-0.0100094,
    #       0.0129776,0.010428,-0.999861,
    #       0.999406,0.0317821,0.0133031]
    # Pcl: [-0.179337,-0.113686,-0.131131]