cam_model: Pinhole
cam_width: 2448
cam_height: 2048

# # 平均值
cam_fx: 2481.974365234375
cam_fy: 1256.2608642578125
cam_cx: 2485.387451171875
cam_cy: 1027.4068603515625
cam_d0: -0.09716100245714188 
cam_d1: 0.148119002580642700
cam_d2: -0.001734500052407384
cam_d3: 0.0006040000007487833

camera:
    # 20241010 组合vanjee与hk
    # ok get from velo2cam_calibration
    Rcl: [-0.0095 , -0.9998 , -0.0145 ,
          -0.0055 ,  0.0146 , -0.9999 ,
           0.9999 , -0.0094 , -0.0057 ]
    Pcl: [-0.0110,  0.0014,  0.0614]

data_path: /opt/csg/slam/navs
PCD_NUM : 1